8800,4360
640,460
640,480
600,480
620,480
620,480
600,480
640,1560
620,460
640,1580
600,1580
640,1580
600,1580
600,1580
640,1540
640,480
620,1560
640,460
640,1560
620,1580
620,1560
640,460
620,460
640,480
620,480
600,1580
620,480
600,480
580,520
580,1600
640,1580
600,1580
640,1560
640,38940
8800,2180
640,28424
8800,2160.
8800,4400
560,520
640,460
620,480
600,480
620,480
640,460
620,1560
640,480
600,1580
640,1540
640,1580
540,1640
580,1600
600,1620
560,520
620,1600
600,1580
580,1600
580,1640
560,1620
580,520
600,480
640,460
640,460
620,460
640,460
640,460
620,460
640,1580
600,1580
640,1560
620,1580
620,38980
8800,2180.
8800,4360
580,520
620,460
640,460
640,460
600,480
640,480
620,1560
620,480
620,1560
640,1580
600,1580
640,1540
640,1580
560,1620
580,520
620,1580
620,480
600,480
640,460
640,460
600,1600
620,460
620,460
640,480
620,1560
620,1600
600,1580
640,1540
640,460
640,1540
640,1580
620,1560
640,38960
8800,2180.